multmatrix([ [ 1.000000 , 0.000000 , 0.000000 , 0.000000 ],
   [ 0.000000 , 1.000000 , 0.000000 , 0.000000 ],
   [ 0.000000 , 0.000000 , 1.000000 , 0.000000 ],
   [ 0.000000 , 0.000000 , 0.000000 , 1.000000 ] ])
translate([0.000000,0.000000,1.250000])
color([0.7,0.7,0.7])
cylinder($fn=30, h=2.500000,r=0.050000,center=true);
multmatrix([ [ 1.000000 , 0.000000 , 0.000000 , 0.000000 ],
   [ 0.000000 , 1.000000 , 0.000000 , 0.000000 ],
   [ 0.000000 , 0.000000 , 1.000000 , 2.500000 ],
   [ 0.000000 , 0.000000 , 0.000000 , 1.000000 ] ])
translate([-0.400000,-0.400000,0.000000])
color([1.000000,0.000000,0.000000]){
cube([0.800000,0.800000,1.000000]);
translate([0.400000,-0.500000,0.500000]) cube([0.266667,1.000000,0.333333],center=true);}
multmatrix([ [ 1.000000 , 0.000000 , 0.000000 , 0.000000 ],
   [ 0.000000 , 1.000000 , 0.000000 , 0.000000 ],
   [ 0.000000 , 0.000000 , 1.000000 , 3.500000 ],
   [ 0.000000 , 0.000000 , 0.000000 , 1.000000 ] ])
translate([0.000000,0.000000,0.750000])
color([0.7,0.7,0.7])
cylinder($fn=30, h=1.500000,r=0.050000,center=true);
multmatrix([ [ 0.866025 , 0.000000 , -0.500000 , 0.000000 ],
   [ 0.000000 , 1.000000 , 0.000000 , 0.000000 ],
   [ 0.500000 , 0.000000 , 0.866025 , 5.000000 ],
   [ 0.000000 , 0.000000 , 0.000000 , 1.000000 ] ])
translate([-0.500000,-0.300000,0.000000])
color([0.000000,0.000000,1.000000]){
cube([1.000000,0.600000,2.000000]);
translate([0.500000,-0.500000,1.000000]) cube([0.333333,1.000000,0.666667],center=true);}
multmatrix([ [ 0.500000 , 0.000000 , -0.866025 , -0.954930 ],
   [ 0.000000 , 1.000000 , 0.000000 , 0.000000 ],
   [ 0.866025 , 0.000000 , 0.500000 , 6.653987 ],
   [ 0.000000 , 0.000000 , 0.000000 , 1.000000 ] ])
translate([0.000000,0.000000,0.750000])
color([0.7,0.7,0.7])
cylinder($fn=30, h=1.500000,r=0.050000,center=true);
multmatrix([ [ 0.500000 , 0.000000 , -0.866025 , -2.253968 ],
   [ 0.000000 , 1.000000 , 0.000000 , 0.000000 ],
   [ 0.866025 , 0.000000 , 0.500000 , 7.403987 ],
   [ 0.000000 , 0.000000 , 0.000000 , 1.000000 ] ])
translate([-0.400000,-0.400000,0.000000])
color([1.000000,0.000000,0.000000]){
cube([0.800000,0.800000,1.000000]);
translate([0.400000,-0.500000,0.500000]) cube([0.266667,1.000000,0.333333],center=true);}
multmatrix([ [ 0.500000 , 0.000000 , -0.866025 , -3.119993 ],
   [ 0.000000 , 1.000000 , 0.000000 , 0.000000 ],
   [ 0.866025 , 0.000000 , 0.500000 , 7.903987 ],
   [ 0.000000 , 0.000000 , 0.000000 , 1.000000 ] ])
translate([0.000000,0.000000,1.250000])
color([0.7,0.7,0.7])
cylinder($fn=30, h=2.500000,r=0.050000,center=true);
multmatrix([ [ 0.500000 , 0.000000 , -0.866025 , -5.285057 ],
   [ 0.000000 , 1.000000 , 0.000000 , 0.000000 ],
   [ 0.866025 , 0.000000 , 0.500000 , 9.153987 ],
   [ 0.000000 , 0.000000 , 0.000000 , 1.000000 ] ])
translate([0.000000,0.000000,1.250000])
color([0.7,0.7,0.7])
cylinder($fn=30, h=2.500000,r=0.050000,center=true);
multmatrix([ [ 0.500000 , 0.000000 , -0.866025 , -7.450120 ],
   [ 0.000000 , 1.000000 , 0.000000 , 0.000000 ],
   [ 0.866025 , 0.000000 , 0.500000 , 10.403987 ],
   [ 0.000000 , 0.000000 , 0.000000 , 1.000000 ] ])
translate([-0.400000,-0.400000,0.000000])
color([1.000000,0.000000,0.000000]){
cube([0.800000,0.800000,1.000000]);
translate([0.400000,-0.500000,0.500000]) cube([0.266667,1.000000,0.333333],center=true);}
multmatrix([ [ 0.500000 , 0.000000 , -0.866025 , -8.316146 ],
   [ 0.000000 , 1.000000 , 0.000000 , 0.000000 ],
   [ 0.866025 , 0.000000 , 0.500000 , 10.903987 ],
   [ 0.000000 , 0.000000 , 0.000000 , 1.000000 ] ])
translate([0.000000,0.000000,0.750000])
color([0.7,0.7,0.7])
cylinder($fn=30, h=1.500000,r=0.050000,center=true);
multmatrix([ [ 0.000000 , 0.000000 , -1.000000 , -9.615184 ],
   [ 0.000000 , 1.000000 , 0.000000 , 0.000000 ],
   [ 1.000000 , 0.000000 , 0.000000 , 11.653987 ],
   [ 0.000000 , 0.000000 , 0.000000 , 1.000000 ] ])
translate([-0.500000,-0.300000,0.000000])
color([0.000000,0.000000,1.000000]){
cube([1.000000,0.600000,2.000000]);
translate([0.500000,-0.500000,1.000000]) cube([0.333333,1.000000,0.666667],center=true);}
multmatrix([ [ -0.500000 , 0.000000 , -0.866025 , -11.525043 ],
   [ 0.000000 , 1.000000 , 0.000000 , 0.000000 ],
   [ 0.866025 , 0.000000 , -0.500000 , 11.653987 ],
   [ 0.000000 , 0.000000 , 0.000000 , 1.000000 ] ])
translate([0.000000,0.000000,0.750000])
color([0.7,0.7,0.7])
cylinder($fn=30, h=1.500000,r=0.050000,center=true);
multmatrix([ [ -0.500000 , 0.000000 , -0.866025 , -12.824081 ],
   [ 0.000000 , 1.000000 , 0.000000 , 0.000000 ],
   [ 0.866025 , 0.000000 , -0.500000 , 10.903987 ],
   [ 0.000000 , 0.000000 , 0.000000 , 1.000000 ] ])
translate([-0.400000,-0.400000,0.000000])
color([1.000000,0.000000,0.000000]){
cube([0.800000,0.800000,1.000000]);
translate([0.400000,-0.500000,0.500000]) cube([0.266667,1.000000,0.333333],center=true);}
multmatrix([ [ -0.500000 , 0.000000 , -0.866025 , -13.690107 ],
   [ 0.000000 , 1.000000 , 0.000000 , 0.000000 ],
   [ 0.866025 , 0.000000 , -0.500000 , 10.403987 ],
   [ 0.000000 , 0.000000 , 0.000000 , 1.000000 ] ])
translate([0.000000,0.000000,1.250000])
color([0.7,0.7,0.7])
cylinder($fn=30, h=2.500000,r=0.050000,center=true);
multmatrix([ [ -0.500000 , 0.000000 , -0.866025 , -15.855170 ],
   [ 0.000000 , 1.000000 , 0.000000 , 0.000000 ],
   [ 0.866025 , 0.000000 , -0.500000 , 9.153987 ],
   [ 0.000000 , 0.000000 , 0.000000 , 1.000000 ] ])
translate([0.000000,0.000000,1.250000])
color([0.7,0.7,0.7])
cylinder($fn=30, h=2.500000,r=0.050000,center=true);
multmatrix([ [ -0.500000 , 0.000000 , -0.866025 , -18.020234 ],
   [ 0.000000 , 1.000000 , 0.000000 , 0.000000 ],
   [ 0.866025 , 0.000000 , -0.500000 , 7.903987 ],
   [ 0.000000 , 0.000000 , 0.000000 , 1.000000 ] ])
translate([-0.400000,-0.400000,0.000000])
color([1.000000,0.000000,0.000000]){
cube([0.800000,0.800000,1.000000]);
translate([0.400000,-0.500000,0.500000]) cube([0.266667,1.000000,0.333333],center=true);}
multmatrix([ [ -0.500000 , 0.000000 , -0.866025 , -18.886259 ],
   [ 0.000000 , 1.000000 , 0.000000 , 0.000000 ],
   [ 0.866025 , 0.000000 , -0.500000 , 7.403987 ],
   [ 0.000000 , 0.000000 , 0.000000 , 1.000000 ] ])
translate([0.000000,0.000000,0.750000])
color([0.7,0.7,0.7])
cylinder($fn=30, h=1.500000,r=0.050000,center=true);
multmatrix([ [ -0.866025 , 0.000000 , -0.500000 , -20.185297 ],
   [ 0.000000 , 1.000000 , 0.000000 , 0.000000 ],
   [ 0.500000 , 0.000000 , -0.866025 , 6.653987 ],
   [ 0.000000 , 0.000000 , 0.000000 , 1.000000 ] ])
translate([-0.500000,-0.300000,0.000000])
color([0.000000,0.000000,1.000000]){
cube([1.000000,0.600000,2.000000]);
translate([0.500000,-0.500000,1.000000]) cube([0.333333,1.000000,0.666667],center=true);}
multmatrix([ [ -1.000000 , 0.000000 , -0.000000 , -21.140227 ],
   [ 0.000000 , 1.000000 , 0.000000 , 0.000000 ],
   [ 0.000000 , 0.000000 , -1.000000 , 5.000000 ],
   [ 0.000000 , 0.000000 , 0.000000 , 1.000000 ] ])
translate([0.000000,0.000000,0.750000])
color([0.7,0.7,0.7])
cylinder($fn=30, h=1.500000,r=0.050000,center=true);
multmatrix([ [ -1.000000 , 0.000000 , -0.000000 , -21.140227 ],
   [ 0.000000 , 1.000000 , 0.000000 , 0.000000 ],
   [ 0.000000 , 0.000000 , -1.000000 , 3.500000 ],
   [ 0.000000 , 0.000000 , 0.000000 , 1.000000 ] ])
translate([-0.400000,-0.400000,0.000000])
color([1.000000,0.000000,0.000000]){
cube([0.800000,0.800000,1.000000]);
translate([0.400000,-0.500000,0.500000]) cube([0.266667,1.000000,0.333333],center=true);}
multmatrix([ [ -1.000000 , 0.000000 , -0.000000 , -21.140227 ],
   [ 0.000000 , 1.000000 , 0.000000 , 0.000000 ],
   [ 0.000000 , 0.000000 , -1.000000 , 2.500000 ],
   [ 0.000000 , 0.000000 , 0.000000 , 1.000000 ] ])
translate([0.000000,0.000000,1.250000])
color([0.7,0.7,0.7])
cylinder($fn=30, h=2.500000,r=0.050000,center=true);
multmatrix([ [ -1.000000 , 0.000000 , -0.000000 , -21.140227 ],
   [ 0.000000 , 1.000000 , 0.000000 , 0.000000 ],
   [ 0.000000 , 0.000000 , -1.000000 , 0.000000 ],
   [ 0.000000 , 0.000000 , 0.000000 , 1.000000 ] ])
translate([0.000000,0.000000,1.250000])
color([0.7,0.7,0.7])
cylinder($fn=30, h=2.500000,r=0.050000,center=true);
multmatrix([ [ -1.000000 , 0.000000 , -0.000000 , -21.140227 ],
   [ 0.000000 , 1.000000 , 0.000000 , 0.000000 ],
   [ 0.000000 , 0.000000 , -1.000000 , -2.500000 ],
   [ 0.000000 , 0.000000 , 0.000000 , 1.000000 ] ])
translate([-0.400000,-0.400000,0.000000])
color([1.000000,0.000000,0.000000]){
cube([0.800000,0.800000,1.000000]);
translate([0.400000,-0.500000,0.500000]) cube([0.266667,1.000000,0.333333],center=true);}
multmatrix([ [ -1.000000 , 0.000000 , -0.000000 , -21.140227 ],
   [ 0.000000 , 1.000000 , 0.000000 , 0.000000 ],
   [ 0.000000 , 0.000000 , -1.000000 , -3.500000 ],
   [ 0.000000 , 0.000000 , 0.000000 , 1.000000 ] ])
translate([0.000000,0.000000,0.750000])
color([0.7,0.7,0.7])
cylinder($fn=30, h=1.500000,r=0.050000,center=true);
multmatrix([ [ -0.866025 , 0.000000 , 0.500000 , -21.140227 ],
   [ 0.000000 , 1.000000 , 0.000000 , 0.000000 ],
   [ -0.500000 , 0.000000 , -0.866025 , -5.000000 ],
   [ 0.000000 , 0.000000 , 0.000000 , 1.000000 ] ])
translate([-0.500000,-0.300000,0.000000])
color([0.000000,0.000000,1.000000]){
cube([1.000000,0.600000,2.000000]);
translate([0.500000,-0.500000,1.000000]) cube([0.333333,1.000000,0.666667],center=true);}
multmatrix([ [ -0.500000 , 0.000000 , 0.866025 , -20.185297 ],
   [ 0.000000 , 1.000000 , 0.000000 , 0.000000 ],
   [ -0.866025 , 0.000000 , -0.500000 , -6.653987 ],
   [ 0.000000 , 0.000000 , 0.000000 , 1.000000 ] ])
translate([0.000000,0.000000,0.750000])
color([0.7,0.7,0.7])
cylinder($fn=30, h=1.500000,r=0.050000,center=true);
multmatrix([ [ -0.500000 , 0.000000 , 0.866025 , -18.886259 ],
   [ 0.000000 , 1.000000 , 0.000000 , 0.000000 ],
   [ -0.866025 , 0.000000 , -0.500000 , -7.403987 ],
   [ 0.000000 , 0.000000 , 0.000000 , 1.000000 ] ])
translate([-0.400000,-0.400000,0.000000])
color([1.000000,0.000000,0.000000]){
cube([0.800000,0.800000,1.000000]);
translate([0.400000,-0.500000,0.500000]) cube([0.266667,1.000000,0.333333],center=true);}
multmatrix([ [ -0.500000 , 0.000000 , 0.866025 , -18.020234 ],
   [ 0.000000 , 1.000000 , 0.000000 , 0.000000 ],
   [ -0.866025 , 0.000000 , -0.500000 , -7.903987 ],
   [ 0.000000 , 0.000000 , 0.000000 , 1.000000 ] ])
translate([0.000000,0.000000,1.250000])
color([0.7,0.7,0.7])
cylinder($fn=30, h=2.500000,r=0.050000,center=true);
multmatrix([ [ -0.500000 , 0.000000 , 0.866025 , -15.855170 ],
   [ 0.000000 , 1.000000 , 0.000000 , 0.000000 ],
   [ -0.866025 , 0.000000 , -0.500000 , -9.153987 ],
   [ 0.000000 , 0.000000 , 0.000000 , 1.000000 ] ])
translate([0.000000,0.000000,1.250000])
color([0.7,0.7,0.7])
cylinder($fn=30, h=2.500000,r=0.050000,center=true);
multmatrix([ [ -0.500000 , 0.000000 , 0.866025 , -13.690107 ],
   [ 0.000000 , 1.000000 , 0.000000 , 0.000000 ],
   [ -0.866025 , 0.000000 , -0.500000 , -10.403987 ],
   [ 0.000000 , 0.000000 , 0.000000 , 1.000000 ] ])
translate([-0.400000,-0.400000,0.000000])
color([1.000000,0.000000,0.000000]){
cube([0.800000,0.800000,1.000000]);
translate([0.400000,-0.500000,0.500000]) cube([0.266667,1.000000,0.333333],center=true);}
multmatrix([ [ -0.500000 , 0.000000 , 0.866025 , -12.824081 ],
   [ 0.000000 , 1.000000 , 0.000000 , 0.000000 ],
   [ -0.866025 , 0.000000 , -0.500000 , -10.903987 ],
   [ 0.000000 , 0.000000 , 0.000000 , 1.000000 ] ])
translate([0.000000,0.000000,0.750000])
color([0.7,0.7,0.7])
cylinder($fn=30, h=1.500000,r=0.050000,center=true);
multmatrix([ [ -0.000000 , 0.000000 , 1.000000 , -11.525043 ],
   [ 0.000000 , 1.000000 , 0.000000 , 0.000000 ],
   [ -1.000000 , 0.000000 , -0.000000 , -11.653987 ],
   [ 0.000000 , 0.000000 , 0.000000 , 1.000000 ] ])
translate([-0.500000,-0.300000,0.000000])
color([0.000000,0.000000,1.000000]){
cube([1.000000,0.600000,2.000000]);
translate([0.500000,-0.500000,1.000000]) cube([0.333333,1.000000,0.666667],center=true);}
multmatrix([ [ 0.500000 , 0.000000 , 0.866025 , -9.615184 ],
   [ 0.000000 , 1.000000 , 0.000000 , 0.000000 ],
   [ -0.866025 , 0.000000 , 0.500000 , -11.653987 ],
   [ 0.000000 , 0.000000 , 0.000000 , 1.000000 ] ])
translate([0.000000,0.000000,0.750000])
color([0.7,0.7,0.7])
cylinder($fn=30, h=1.500000,r=0.050000,center=true);
multmatrix([ [ 0.500000 , 0.000000 , 0.866025 , -8.316146 ],
   [ 0.000000 , 1.000000 , 0.000000 , 0.000000 ],
   [ -0.866025 , 0.000000 , 0.500000 , -10.903987 ],
   [ 0.000000 , 0.000000 , 0.000000 , 1.000000 ] ])
translate([-0.400000,-0.400000,0.000000])
color([1.000000,0.000000,0.000000]){
cube([0.800000,0.800000,1.000000]);
translate([0.400000,-0.500000,0.500000]) cube([0.266667,1.000000,0.333333],center=true);}
multmatrix([ [ 0.500000 , 0.000000 , 0.866025 , -7.450120 ],
   [ 0.000000 , 1.000000 , 0.000000 , 0.000000 ],
   [ -0.866025 , 0.000000 , 0.500000 , -10.403987 ],
   [ 0.000000 , 0.000000 , 0.000000 , 1.000000 ] ])
translate([0.000000,0.000000,1.250000])
color([0.7,0.7,0.7])
cylinder($fn=30, h=2.500000,r=0.050000,center=true);
multmatrix([ [ 0.500000 , 0.000000 , 0.866025 , -5.285057 ],
   [ 0.000000 , 1.000000 , 0.000000 , 0.000000 ],
   [ -0.866025 , 0.000000 , 0.500000 , -9.153987 ],
   [ 0.000000 , 0.000000 , 0.000000 , 1.000000 ] ])
translate([0.000000,0.000000,1.250000])
color([0.7,0.7,0.7])
cylinder($fn=30, h=2.500000,r=0.050000,center=true);
multmatrix([ [ 0.500000 , 0.000000 , 0.866025 , -3.119993 ],
   [ 0.000000 , 1.000000 , 0.000000 , 0.000000 ],
   [ -0.866025 , 0.000000 , 0.500000 , -7.903987 ],
   [ 0.000000 , 0.000000 , 0.000000 , 1.000000 ] ])
translate([-0.400000,-0.400000,0.000000])
color([1.000000,0.000000,0.000000]){
cube([0.800000,0.800000,1.000000]);
translate([0.400000,-0.500000,0.500000]) cube([0.266667,1.000000,0.333333],center=true);}
multmatrix([ [ 0.500000 , 0.000000 , 0.866025 , -2.253968 ],
   [ 0.000000 , 1.000000 , 0.000000 , 0.000000 ],
   [ -0.866025 , 0.000000 , 0.500000 , -7.403987 ],
   [ 0.000000 , 0.000000 , 0.000000 , 1.000000 ] ])
translate([0.000000,0.000000,0.750000])
color([0.7,0.7,0.7])
cylinder($fn=30, h=1.500000,r=0.050000,center=true);
multmatrix([ [ 0.866025 , 0.000000 , 0.500000 , -0.954930 ],
   [ 0.000000 , 1.000000 , 0.000000 , 0.000000 ],
   [ -0.500000 , 0.000000 , 0.866025 , -6.653987 ],
   [ 0.000000 , 0.000000 , 0.000000 , 1.000000 ] ])
translate([-0.500000,-0.300000,0.000000])
color([0.000000,0.000000,1.000000]){
cube([1.000000,0.600000,2.000000]);
translate([0.500000,-0.500000,1.000000]) cube([0.333333,1.000000,0.666667],center=true);}
multmatrix([ [ 1.000000 , 0.000000 , 0.000000 , -0.000000 ],
   [ 0.000000 , 1.000000 , 0.000000 , 0.000000 ],
   [ -0.000000 , 0.000000 , 1.000000 , -5.000000 ],
   [ 0.000000 , 0.000000 , 0.000000 , 1.000000 ] ])
translate([0.000000,0.000000,0.750000])
color([0.7,0.7,0.7])
cylinder($fn=30, h=1.500000,r=0.050000,center=true);
multmatrix([ [ 1.000000 , 0.000000 , 0.000000 , 0.000000 ],
   [ 0.000000 , 1.000000 , 0.000000 , 0.000000 ],
   [ -0.000000 , 0.000000 , 1.000000 , -3.500000 ],
   [ 0.000000 , 0.000000 , 0.000000 , 1.000000 ] ])
translate([-0.400000,-0.400000,0.000000])
color([1.000000,0.000000,0.000000]){
cube([0.800000,0.800000,1.000000]);
translate([0.400000,-0.500000,0.500000]) cube([0.266667,1.000000,0.333333],center=true);}
multmatrix([ [ 1.000000 , 0.000000 , 0.000000 , 0.000000 ],
   [ 0.000000 , 1.000000 , 0.000000 , 0.000000 ],
   [ -0.000000 , 0.000000 , 1.000000 , -2.500000 ],
   [ 0.000000 , 0.000000 , 0.000000 , 1.000000 ] ])
translate([0.000000,0.000000,1.250000])
color([0.7,0.7,0.7])
cylinder($fn=30, h=2.500000,r=0.050000,center=true);
color([0.99,0.99,0.99]) translate([-23,-1.5,-13.5])cube([25,0.2,27]);